0   0  0  0  0
100000   0.03  0.03  0.03  0.03
200000   0.07  0.07  0.07  0.1
300000   0.1  0.11  0.11  0.206667
400000   0.15  0.11  0.07  0.316667
500000   0.09  0.09  0.09  0.406667
600000   0.11  0.11  0.11  0.516667
700000   0.13  0.24  0.25  0.723333
800000   0.18  0.15  0.15  0.883333
900000   0.17  0.17  0.16  1.05
1000000   0.19  0.19  0.19  1.24
0   0  0  0  0
100000   0.03  0.03  0.03  0.03
200000   0.07  0.06  0.07  0.0966667
300000   0.11  0.1  0.1  0.2
400000   0.13  0.08  0.08  0.296667
500000   0.09  0.09  0.09  0.386667
600000   0.11  0.11  0.11  0.496667
700000   0.13  0.13  0.13  0.626667
800000   0.14  0.15  0.15  0.773333
900000   0.17  0.17  0.17  0.943333
1000000   0.19  0.19  0.19  1.13333
