Test Case 1
Total Price 0
Member Items 
   1:  
   2:  

Test Case 2
Total Price 381
Member Items 
   1:  2 3 4 
   2:  2 4 
   3:  2 4 
   4:  3 4 

Test Case 3
Total Price 496
Member Items 
   1:  2 3 3 4 
   2:  2 2 3 4 
   3:  1 2 2 3 4 
   4:  2 3 3 4 4 
   5:  1 2 3 4 
   6:  1 2 3 4 
   7:  2 3 5 
   8:  1 2 3 5 
   9:  6 
   10:  3 6 

Test Case 4
Total Price 1142
Member Items 
   1:  1 2 3 3 4 
   2:  1 2 2 3 4 
   3:  1 2 2 2 3 4 
   4:  1 2 2 3 3 4 4 
   5:  1 1 2 3 4 5 
   6:  1 2 2 3 3 4 
   7:  2 3 5 7 
   8:  1 1 2 3 5 7 
   9:  6 10 
   10:  2 3 6 7 
   11:  1 2 7 
   12:  2 10 
   13:  2 3 7 
   14:  1 2 3 7 
   15:  7 9 
   16:  7 10 
   17:  1 7 10 
   18:  2 7 9 
   19:  2 7 10 
   20:  1 2 7 10 
   21:  2 3 7 9 
   22:  2 3 7 10 
   23:  1 2 3 7 10 
   24:  7 9 10 
   25:  2 6 7 10 
   26:  2 3 5 7 10 
   27:  2 7 9 10 
   28:  2 3 6 7 10 
   29:  1 2 3 6 7 10 
   30:  2 3 7 9 10 

