0   0  0  0  0
10000   0.21  0.21  0.21  0.21
20000   0.79  0.44  0.43  0.763333
30000   0.99  0.97  0.99  1.74667
40000   1.75  1.75  1.74  3.49333
50000   2.73  2.73  2.73  6.22333
60000   3.94  3.92  3.93  10.1533
70000   5.33  5.39  5.32  15.5
80000   6.98  7.02  7.01  22.5033
90000   8.83  8.81  8.85  31.3333
100000   10.89  11.3  10.97  42.3867
0   0  0  0  0
10000   0.11  0.11  0.11  0.11
20000   0.45  0.45  0.44  0.556667
30000   1.01  1.01  1.01  1.56667
40000   1.78  1.76  1.79  3.34333
50000   2.75  2.75  2.77  6.1
60000   3.99  3.96  4.01  10.0867
70000   5.43  5.48  5.45  15.54
80000   7.08  7.1  7.13  22.6433
90000   8.91  8.94  9.01  31.5967
100000   11.32  10.99  11.05  42.7167
